Correlation coefficient matrix of Dogecoin
1.000000 0.983996 0.992309 0.993554 0.726181 0.993496
0.983996 1.000000 0.991880 0.993411 0.640393 0.993519
0.992309 0.991880 1.000000 0.989208 0.665507 0.989258
0.993554 0.993411 0.989208 1.000000 0.704758 0.999991
0.726181 0.640393 0.665507 0.704758 1.000000 0.703737
0.993496 0.993519 0.989258 0.999991 0.703737 1.000000
Correlation coefficient matrix of Ethereum
1.000000 0.997070 0.998863 0.998457 0.775234 0.996788
0.997070 1.000000 0.997049 0.998552 0.761179 0.996887
0.998863 0.997049 1.000000 0.996722 0.771592 0.995078
0.998457 0.998552 0.996722 1.000000 0.769200 0.998351
0.775234 0.761179 0.771592 0.769200 1.000000 0.785412
0.996788 0.996887 0.995078 0.998351 0.785412 1.000000
Correlation coefficient matrix of Bitcoin
1.000000 0.998841 0.999442 0.999417 0.795525 0.999094
0.998841 1.000000 0.998905 0.999291 0.787786 0.999072
0.999442 0.998905 1.000000 0.998646 0.793372 0.998382
0.999417 0.999291 0.998646 1.000000 0.792293 0.999709
0.795525 0.787786 0.793372 0.792293 1.000000 0.794705
0.999094 0.999072 0.998382 0.999709 0.794705 1.000000
